1
10
12
31
37
49
56
59
66
78
150
151
159
166
301
402
404
407
413
419
428
429
498
519
532
533
534
543
545
547
548
554
557
559
563
568
572
573
581
585
590
592
593
612
615
616
626
628
2
5
6
8
11
14
27
32
34
46
48
55
58
62
65
69
333
401
408
409
430
488
502
513
514
516
517
518
520
524
525
529
538
550
551
552
553
555
558
561
564
567
570
571
582
587
589
598
4
7
9
16
17
19
20
21
25
26
29
35
36
40
45
61
68
88
100
153
155
157
338
415
420
422
423
425
426
503
505
507
509
510
528
531
536
537
539
540
565
584
586
591
596
597
600
601
606
619
627
630
635
656
659
666
667
668
671
673
676
677
633
636
650
651
657
661
678
23
28
30
38
39
42
50
60
63
70
89
90
96
99
156
158
400
403
410
411
416
417
421
501
504
506
521
523
526
530
541
544
546
560
566
576
595
599
608
610
613
617
620
622
625
629
631
632
603
605
607
609
611
623
637
655
662
663
665
669
638
639
652
672
680
679
685
686
697
702
688
692
698
700
701
703
717
722
736
737
739
681
682
683
691
705
708
713
715
723
687
690
695
710
718
719
733
751
756
760
762
767
768
776
782
791
798
802
806
809
811
707
709
711
712
716
720
721
726
727
728
731
732
735
738
752
758
759
761
780
783
786
789
792
795
797
800
803
807
755
757
778
785
788
796
799
801
815
819
836
869
875
878
880
882
885
887
890
895
897
898
900
906
908
725
729
750
753
766
777
779
790
793
810
812
813
822
823
825
826
828
831
833
850
852
858
860
861
877
881
883
892
893
901
903
913
816
829
830
859
863
868
886
905
912
915
919
923
927
932
935
936
948
950
951
955
962
971
975
978
985
993
996
1896
2005
2007
2008
2009
2010
2012
2014
2017
2022
2023
2028
2031
2032
2034
818
820
821
835
837
838
839
848
851
856
862
876
888
889
899
902
909
910
911
921
922
928
929
953
957
958
968
969
970
977
988
999
1696
1979
2001
2002
2013
2024
2027
2037
2044
2046
2048
2051
2058
2062
2064
2067
917
918
925
930
931
949
952
960
963
965
973
980
981
982
983
987
998
1872
1914
2003
2011
2016
2020
2021
2025
2026
2029
2030
2033
2035
2036
2038
2042
2045
2066
2075
2079
2080
2092
2096
2097
2098
2100
2101
2105
2106
2116
2118
920
926
933
937
938
959
961
966
967
972
976
989
990
997
1965
2004
2006
2015
2019
2039
2040
2041
2043
2047
2049
2055
2057
2061
2065
2074
2077
2085
2086
2088
2089
2104
2108
2111
2112
2113
2114
2126
2129
2130
2132
2133
2141
2144
2050
2052
2053
2054
2056
2059
2060
2063
2068
2069
2071
2076
2081
2084
2087
2091
2093
2094
2095
2099
2103
2107
2109
2110
2117
2120
2122
2127
2131
2135
2137
2140
2142
2146
2148
2154
2156
2161
2164
2168
2169
2183
2191
2195
2198
2200
2203
2204
2072
2073
2078
2082
2083
2090
2102
2115
2125
2136
2150
2151
2157
2159
2163
2165
2173
2174
2178
2180
2196
2201
2210
2212
2214
2215
2217
2220
2221
2224
2231
2234
2240
2241
2242
2243
2256
2273
2274
2276
2286
2300
2304
2306
2308
2311
2318
2320
2119
2121
2123
2124
2128
2134
2138
2139
2149
2152
2153
2155
2158
2160
2162
2166
2170
2175
2176
2177
2179
2181
2184
2187
2192
2193
2205
2207
2208
2209
2219
2222
2223
2225
2226
2228
2235
2237
2238
2245
2249
2258
2262
2266
2267
2268
2269
2270
2145
2147
2167
2171
2172
2182
2185
2186
2188
2189
2190
2194
2197
2199
2202
2206
2211
2213
2218
2229
2230
2233
2236
2239
2252
2254
2255
2259
2261
2272
2275
2284
2288
2294
2302
2307
2309
2312
2313
2319
2321
2324
2325
2329
2330
2333
2341
2342
2216
2227
2232
2244
2246
2247
2248
2250
2251
2253
2263
2264
2265
2279
2280
2283
2285
2287
2289
2290
2293
2296
2299
2301
2303
2310
2315
2317
2322
2326
2336
2347
2353
2354
2357
2360
2364
2371
2374
2375
2382
2384
2385
2395
2397
2401
2404
2405
2344
2351
2356
2358
2359
2366
2369
2386
2387
2392
2393
2400
2406
2407
2411
2424
2429
2432
2435
2438
2452
2455
2457
2462
2465
2474
2480
2489
2493
2507
2510
2512
2516
2521
2522
2531
2532
2538
2544
2546
2550
2555
2569
2572
2582
2587
2590
2596
2271
2277
2278
2281
2282
2291
2292
2295
2297
2298
2305
2314
2316
2337
2349
2350
2352
2355
2361
2367
2368
2370
2373
2388
2390
2396
2398
2399
2403
2412
2425
2428
2433
2440
2445
2446
2447
2453
2456
2463
2464
2470
2475
2481
2482
2483
2487
2488
2323
2327
2328
2331
2332
2334
2335
2338
2339
2340
2343
2345
2346
2348
2362
2363
2365
2372
2376
2377
2378
2379
2380
2381
2383
2389
2391
2394
2402
2408
2409
2410
2413
2415
2417
2418
2419
2420
2422
2426
2434
2436
2437
2439
2442
2444
2448
2451
2414
2416
2421
2423
2427
2430
2431
2441
2443
2449
2450
2459
2471
2479
2484
2486
2494
2498
2506
2511
2513
2515
2526
2527
2529
2539
2541
2542
2548
2558
2560
2561
2567
2568
2573
2577
2583
2585
2586
2588
2597
2600
2601
2602
2603
2608
2609
2610
2490
2495
2496
2500
2501
2504
2505
2508
2514
2517
2518
2523
2528
2530
2533
2534
2535
2537
2545
2549
2552
2554
2556
2557
2559
2562
2563
2564
2565
2570
2574
2576
2589
2592
2593
2594
2607
2611
2612
2615
2622
2623
2624
2625
2628
2630
2632
2634
2454
2458
2460
2461
2466
2467
2468
2469
2472
2473
2476
2478
2485
2491
2492
2497
2499
2502
2503
2509
2519
2520
2524
2536
2540
2543
2547
2551
2553
2566
2571
2575
2578
2579
2580
2581
2584
2591
2595
2598
2605
2614
2620
2621
2631
2633
2640
2650
2644
2648
2652
2654
2656
2657
2664
2666
2668
2671
2675
2677
2678
2684
2698
2699
2706
2711
2713
2714
2732
2733
2736
2785
2789
2792
2795
2797
2799
2801
2808
2813
2818
2820
2823
2825
2831
2833
2836
2838
2852
2860
2865
2868
2870
2879
2881
2886
2599
2606
2616
2617
2618
2626
2629
2635
2637
2638
2641
2642
2647
2655
2658
2661
2662
2663
2672
2673
2682
2683
2689
2690
2691
2695
2700
2702
2703
2709
2716
2730
2734
2746
2748
2750
2753
2755
2756
2757
2763
2765
2768
2769
2771
2778
2779
2788
2613
2619
2627
2636
2639
2643
2645
2646
2649
2651
2653
2660
2674
2679
2685
2688
2692
2693
2696
2697
2707
2712
2717
2719
2725
2726
2729
2737
2740
2741
2747
2749
2758
2759
2760
2761
2774
2775
2777
2787
2790
2791
2796
2798
2806
2807
2809
2811
2812
2817
2827
2828
2829
2832
2837
2839
2841
2843
2845
2846
2848
2856
2857
2858
2859
2862
2867
2869
2871
2880
2883
2884
2891
2899
2901
2902
2915
2919
2922
2935
2937
2946
2948
2949
2951
2953
2659
2665
2667
2669
2670
2676
2681
2686
2687
2694
2701
2705
2708
2715
2718
2721
2722
2723
2724
2727
2728
2731
2735
2738
2739
2742
2743
2745
2751
2752
2762
2766
2767
2770
2772
2773
2776
2780
2781
2782
2783
2786
2802
2803
2816
2821
2824
2835
2793
2800
2805
2810
2815
2819
2822
2826
2830
2840
2847
2850
2853
2861
2863
2866
2876
2878
2885
2893
2897
2905
2909
2910
2888
2889
2892
2895
2900
2903
2908
2913
2916
2920
2923
2928
2929
2933
2921
2925
2931
2932
2940
2943
2945
2955
2956
2958
2959
2960
2961
2963
2966
2968
2971
2972
2842
2849
2851
2855
2864
2872
2873
2875
2877
2882
2887
2890
2896
2898
2906
2907
2911
2912
2917
2918
2926
2927
2930
2936
2939
2947
2962
2969
2970
2975
3816
2938
2941
2942
2950
2952
2957
2965
2967
2973
300002
300009
300013
300014
300016
300017
300018
300019
300020
300025
300029
300030
300031
300034
300038
300044
300001
300012
300021
300023
300024
300026
300033
300039
300040
300042
300043
300049
300051
300056
300057
300059
300068
300081
300083
300085
300087
300089
300091
300097
300098
300101
300112
300113
300115
300116
300118
300121
300126
300127
300130
300131
300146
300148
300152
300153
300155
300156
300165
300004
300005
300006
300007
300010
300022
300027
300032
300036
300037
300041
300046
300047
300048
300052
300055
300058
300064
300066
300069
300071
300072
300074
300075
300076
300079
300080
300102
300103
300114
300119
300123
300124
300125
300128
300135
300136
300138
300142
300154
300157
300158
300161
300166
300175
300003
300008
300011
300015
300035
300045
300061
300065
300070
300073
300077
300084
300088
300090
300092
300094
300095
300106
300108
300111
300122
300132
300134
300139
300143
300147
300149
300150
300151
300159
300163
300164
300168
300171
300173
300178
300180
300182
300190
300193
300196
300204
300210
300211
300220
300222
300050
300053
300054
300062
300063
300067
300078
300082
300086
300093
300096
300099
300100
300105
300107
300109
300110
300117
300120
300129
300133
300137
300140
300141
300144
300145
300160
300162
300169
300170
300172
300176
300179
300197
300203
300206
300207
300212
300214
300224
300225
300227
300228
300232
300235
300238
300248
300250
300181
300185
300187
300188
300192
300194
300229
300233
300234
300236
300237
300241
300242
300246
300247
300254
300256
300258
300264
300265
300267
300269
300167
300174
300177
300183
300184
300189
300191
300195
300199
300200
300201
300202
300208
300213
300215
300219
300223
300231
300245
300298
300313
300314
300316
300318
300319
300325
300342
300345
300354
300363
300366
300367
300371
300376
300379
300389
300395
300397
300399
300400
300404
300407
300408
300412
300419
300420
300423
300425
300198
300205
300209
300217
300218
300221
300226
300230
300239
300240
300243
300244
300249
300253
300257
300262
300266
300268
300270
300272
300278
300279
300281
300283
300286
300287
300288
300290
300296
300302
300303
300305
300306
300307
300308
300310
300311
300312
300315
300323
300324
300326
300273
300275
300277
300280
300282
300285
300291
300292
300294
300295
300300
300301
300304
300309
300317
300320
300330
300336
300338
300344
300350
300351
300353
300357
300360
300387
300391
300392
300401
300402
300406
300411
300251
300252
300255
300259
300260
300261
300263
300271
300274
300276
300284
300289
300293
300297
300299
300321
300322
300328
300334
300335
300337
300339
300340
300346
300355
300358
300362
300365
300375
300377
300378
300380
300381
300383
300384
300385
300386
300390
300393
300394
300396
300398
300441
300452
300453
300455
300463
300468
300327
300329
300331
300332
300333
300341
300343
300347
300348
300349
300352
300356
300359
300364
300368
300369
300370
300373
300374
300382
300388
300403
300405
300409
300410
300414
300415
300416
300417
300418
300421
300422
300424
300429
300433
300434
300435
300436
300438
300442
300448
300449
300450
300456
300457
300458
300459
300460
300413
300428
300430
300437
300444
300445
300447
300462
300464
300467
300470
300471
300479
300480
300481
300486
300487
300490
300491
300493
300494
300495
300498
300499
300502
300504
300510
300517
300519
300520
300533
300536
300546
300547
300555
300567
300568
300572
300579
300581
300584
300586
300590
300591
300592
300594
300595
300599
300426
300427
300431
300432
300439
300440
300443
300446
300451
300454
300461
300466
300473
300477
300492
300506
300509
300511
300513
300521
300522
300527
300529
300530
300532
300537
300538
300539
300549
300550
300552
300557
300559
300561
300564
300566
300569
300573
300577
300600
300604
300606
300608
300613
300616
300619
300622
300625
300469
300475
300478
300482
300489
300497
300500
300503
300505
300507
300508
300514
300515
300516
300518
300526
300531
300535
300540
300542
300543
300545
300548
300551
300553
300556
300562
300465
300472
300474
300476
300483
300484
300485
300488
300496
300501
300602
300607
300611
300615
300620
300623
300624
300631
300636
300637
300638
300647
300648
300649
300657
300658
300512
300523
300525
300528
300534
300541
300554
300558
300560
300563
300565
300570
300571
300582
300583
300585
300587
300589
300593
300596
300598
300601
300603
300610
300612
300617
300618
300633
300634
300635
300644
300650
300651
300654
300660
300661
300669
300671
300575
300576
300578
300580
300588
300597
300605
300609
300621
300629
300630
300632
300645
300652
300653
300655
300656
300659
300662
300665
300668
300663
300664
300676
300680
300686
300700
300702
300715
300723
300736
300739
300740
300750
300753
300756
300768
300769
300780
300781
300782
300783
300787
300790
300796
300797
300802
300812
300626
300627
300628
300639
300640
300641
300642
300643
300666
300667
300674
300679
300681
300683
300690
300696
300698
300703
300707
300709
300711
300719
300722
300727
300730
300732
300733
300735
300737
300738
300741
300746
300749
300751
300752
300755
300757
300761
300765
300773
300777
300778
300792
300793
300803
300807
300808
300809
300672
300673
300675
300678
300685
300688
300691
300692
300693
300697
300699
300701
300706
300708
300710
300724
300726
300743
300758
300762
300763
300776
300786
300789
300791
300799
300801
300805
300813
300670
300677
300682
300684
300687
300689
300694
300695
300705
300712
300713
300716
300717
300718
300720
300721
300725
300729
300731
300742
300745
300747
300748
300759
300760
300766
300767
300770
300771
300772
300775
300779
300785
300788
300795
300798
300800
300806
300810
300811
300815
